epoch_num: 3, lr: 0.00002, batch_size: 16, eval_acc: 0.8799
epoch_num: 3, lr: 0.00003, batch_size: 16, eval_acc: 0.86765
epoch_num: 3, lr: 0.00002, batch_size: 32, eval_acc: 0.84314




